function h = awesomeMap
h = [1 1 1;0.987581729888916 0.990849673748016 1;0.975163400173187 0.981699347496033 1;0.962745070457459 0.972549021244049 1;0.950326800346375 0.963398694992065 1;0.937908530235291 0.954248368740082 1;0.925490200519562 0.945098042488098 1;0.913071870803833 0.935947716236115 1;0.900653600692749 0.926797389984131 1;0.888235330581665 0.917647063732147 1;0.875817000865936 0.908496737480164 1;0.863398671150208 0.89934641122818 1;0.850980401039124 0.890196084976196 1;0.83856213092804 0.881045758724213 1;0.826143801212311 0.871895432472229 1;0.813725471496582 0.862745106220245 1;0.801307201385498 0.853594779968262 1;0.788888931274414 0.844444453716278 1;0.776470601558685 0.835294127464294 1;0.764052271842957 0.826143801212311 1;0.751634001731873 0.816993474960327 1;0.739215731620789 0.807843148708344 1;0.72679740190506 0.79869282245636 1;0.714379072189331 0.789542496204376 1;0.701960802078247 0.780392169952393 1;0.716862738132477 0.791372537612915 0.949999988079071;0.731764733791351 0.802352964878082 0.899999976158142;0.746666669845581 0.813333332538605 0.850000023841858;0.761568665504456 0.824313759803772 0.800000011920929;0.776470601558685 0.835294127464294 0.75;0.791372537612915 0.846274495124817 0.699999988079071;0.80627453327179 0.857254922389984 0.649999976158142;0.821176469326019 0.868235290050507 0.600000023841858;0.836078464984894 0.879215717315674 0.550000011920929;0.850980401039124 0.890196084976196 0.5;0.865882337093353 0.901176452636719 0.449999988079071;0.880784332752228 0.912156879901886 0.400000005960464;0.895686268806458 0.923137247562408 0.349999994039536;0.910588264465332 0.934117674827576 0.300000011920929;0.925490200519562 0.945098042488098 0.25;0.940392136573792 0.956078410148621 0.200000002980232;0.955294132232666 0.967058837413788 0.150000005960464;0.970196068286896 0.97803920507431 0.100000001490116;0.98509806394577 0.989019632339478 0.0500000007450581;1 1 0;1 0.944444417953491 0;1 0.888888895511627 0;1 0.833333313465118 0;1 0.777777791023254 0;1 0.722222208976746 0;1 0.666666686534882 0;1 0.611111104488373 0;1 0.555555582046509 0;1 0.5 0;1 0.444444447755814 0;1 0.388888895511627 0;1 0.333333343267441 0;1 0.277777791023254 0;1 0.222222223877907 0;1 0.16666667163372 0;1 0.111111111938953 0;1 0.0555555559694767 0;1 0 0;1 0 0];
