function h = blueMap
h = [0.0352941192686558 0.00392156885936856 0.290196090936661;0.0431372560560703 0.0058823530562222 0.317647069692612;0.0509803928434849 0.00784313771873713 0.345098048448563;0.0588235333561897 0.00980392191559076 0.372549027204514;0.0666666701436043 0.0117647061124444 0.400000005960464;0.0745098069310188 0.013725490309298 0.427450984716415;0.0823529437184334 0.0156862754374743 0.454901963472366;0.0901960805058479 0.0176470596343279 0.482352942228317;0.0980392172932625 0.0196078438311815 0.509803950786591;0.105882354080677 0.0215686280280352 0.537254929542542;0.113725490868092 0.0235294122248888 0.564705908298492;0.121568627655506 0.0254901964217424 0.592156887054443;0.129411771893501 0.0274509806185961 0.619607865810394;0.137254908680916 0.0294117666780949 0.647058844566345;0.14509804546833 0.0313725508749485 0.674509823322296;0.152941182255745 0.0333333350718021 0.701960802078247;0.160784319043159 0.0352941192686558 0.729411780834198;0.168627455830574 0.0372549034655094 0.756862759590149;0.176470592617989 0.0392156876623631 0.7843137383461;0.176960796117783 0.0544117651879787 0.793300688266754;0.177450984716415 0.0696078464388847 0.802287578582764;0.177941173315048 0.0848039239645004 0.811274528503418;0.178431376814842 0.100000001490116 0.820261478424072;0.178921580314636 0.115196079015732 0.829248368740082;0.179411768913269 0.130392163991928 0.838235318660736;0.179901957511902 0.145588234066963 0.847222208976746;0.180392161011696 0.160784319043159 0.8562091588974;0.18088236451149 0.175980389118195 0.865196108818054;0.181372553110123 0.191176474094391 0.874182999134064;0.181862741708755 0.206372559070587 0.883169949054718;0.18235294520855 0.221568629145622 0.892156839370728;0.182843148708344 0.236764714121819 0.901143789291382;0.183333337306976 0.251960784196854 0.910130739212036;0.183823525905609 0.26715686917305 0.919117629528046;0.184313729405403 0.282352954149246 0.9281045794487;0.184803932905197 0.29754900932312 0.937091529369354;0.18529412150383 0.312745094299316 0.946078419685364;0.185784310102463 0.327941179275513 0.955065369606018;0.186274513602257 0.343137264251709 0.964052319526672;0.186764717102051 0.358333349227905 0.973039209842682;0.187254905700684 0.373529404401779 0.982026159763336;0.187745094299316 0.388725489377975 0.991013050079346;0.18823529779911 0.403921574354172 1;0.204108312726021 0.426517277956009 0.999626517295837;0.219981327652931 0.449112981557846 0.999253034591675;0.235854342579842 0.471708685159683 0.998879551887512;0.251727372407913 0.49430438876152 0.99850606918335;0.267600387334824 0.51690012216568 0.998132586479187;0.283473402261734 0.539495825767517 0.997759103775024;0.299346417188644 0.562091529369354 0.997385621070862;0.315219432115555 0.584687232971191 0.997012138366699;0.331092447042465 0.607282936573029 0.996638655662537;0.346965461969376 0.629878640174866 0.996265172958374;0.362838476896286 0.652474343776703 0.995891690254211;0.378711491823196 0.67507004737854 0.995518207550049;0.394584506750107 0.697665750980377 0.995144724845886;0.41045755147934 0.720261454582214 0.994771242141724;0.42633056640625 0.742857158184052 0.994397759437561;0.44220358133316 0.765452861785889 0.994024276733398;0.458076596260071 0.788048565387726 0.993650794029236;0.473949611186981 0.810644268989563 0.993277311325073;0.489822626113892 0.8332399725914 0.992903828620911;0.505695641040802 0.855835676193237 0.992530345916748;0.521568655967712 0.878431379795074 0.992156863212585];
