function h = bry_map 
h = [0 1 1;0 0.981481492519379 1;0 0.962962985038757 1;0 0.944444417953491 1;0 0.92592591047287 1;0 0.907407402992249 1;0 0.888888895511627 1;0 0.870370388031006 1;0 0.851851880550385 1;0 0.833333313465118 1;0 0.814814805984497 1;0 0.796296298503876 1;0 0.777777791023254 1;0 0.759259283542633 1;0 0.740740716457367 1;0 0.722222208976746 1;0 0.703703701496124 1;0 0.685185194015503 1;0 0.666666686534882 1;0 0.648148119449615 1;0 0.629629611968994 1;0 0.611111104488373 1;0 0.592592597007751 1;0 0.57407408952713 1;0 0.555555582046509 1;0 0.537037014961243 1;0 0.518518507480621 1;0 0.5 1;0 0.481481492519379 1;0 0.462962955236435 1;0 0.444444447755814 1;0 0.425925940275192 1;0 0.407407402992249 1;0 0.388888895511627 1;0 0.370370358228683 1;0 0.351851850748062 1;0 0.333333343267441 1;0 0.314814805984497 1;0 0.296296298503876 1;0 0.277777791023254 1;0 0.259259253740311 1;0 0.240740746259689 1;0 0.222222223877907 1;0 0.203703701496124 1;0 0.185185179114342 1;0 0.16666667163372 1;0 0.148148149251938 1;0 0.129629626870155 1;0 0.111111111938953 1;0 0.0925925895571709 1;0 0.0740740746259689 1;0 0.0555555559694767 1;0 0.0370370373129845 1;0 0.0185185186564922 1;0 0 1;0.0110516929998994 0.0110516929998994 1;0.0221033859997988 0.0221033859997988 1;0.0331550799310207 0.0331550799310207 1;0.0442067719995975 0.0442067719995975 1;0.0552584677934647 0.0552584677934647 1;0.0663101598620415 0.0663101598620415 1;0.0773618519306183 0.0773618519306183 1;0.0884135439991951 0.0884135439991951 1;0.0994652435183525 0.0994652435183525 1;0.110516935586929 0.110516935586929 1;0.121568627655506 0.121568627655506 1;0.132620319724083 0.132620319724083 1;0.14367201924324 0.14367201924324 1;0.154723703861237 0.154723703861237 1;0.165775403380394 0.165775403380394 1;0.17682708799839 0.17682708799839 1;0.187878787517548 0.187878787517548 1;0.198930487036705 0.198930487036705 1;0.209982171654701 0.209982171654701 1;0.221033871173859 0.221033871173859 1;0.232085555791855 0.232085555791855 1;0.243137255311012 0.243137255311012 1;0.258274495601654 0.258274495601654 1;0.273411750793457 0.273411750793457 1;0.28854900598526 0.28854900598526 1;0.303686261177063 0.303686261177063 1;0.318823516368866 0.318823516368866 1;0.333960771560669 0.333960771560669 1;0.349098026752472 0.349098026752472 1;0.364235281944275 0.364235281944275 1;0.379372537136078 0.379372537136078 1;0.394509792327881 0.394509792327881 1;0.409647047519684 0.409647047519684 1;0.424784302711487 0.424784302711487 1;0.43992155790329 0.43992155790329 1;0.455058813095093 0.455058813095093 1;0.470196068286896 0.470196068286896 1;0.485333323478699 0.485333323478699 1;0.500470578670502 0.500470578670502 1;0.515607833862305 0.515607833862305 1;0.530745089054108 0.530745089054108 1;0.545882344245911 0.545882344245911 1;0.561019599437714 0.561019599437714 1;0.576156854629517 0.576156854629517 1;0.59129410982132 0.59129410982132 1;0.606431365013123 0.606431365013123 1;0.621568620204926 0.621568620204926 1;0.636705875396729 0.636705875396729 1;0.651843130588531 0.651843130588531 1;0.666980385780334 0.666980385780334 1;0.682117640972137 0.682117640972137 1;0.69725489616394 0.69725489616394 1;0.712392151355743 0.712392151355743 1;0.727529406547546 0.727529406547546 1;0.742666661739349 0.742666661739349 1;0.757803916931152 0.757803916931152 1;0.772941172122955 0.772941172122955 1;0.788078427314758 0.788078427314758 1;0.803215682506561 0.803215682506561 1;0.818352937698364 0.818352937698364 1;0.833490192890167 0.833490192890167 1;0.84862744808197 0.84862744808197 1;0.863764703273773 0.863764703273773 1;0.878901958465576 0.878901958465576 1;0.894039213657379 0.894039213657379 1;0.909176468849182 0.909176468849182 1;0.924313724040985 0.924313724040985 1;0.939450979232788 0.939450979232788 1;0.954588234424591 0.954588234424591 1;0.969725489616394 0.969725489616394 1;0.984862744808197 0.984862744808197 1;1 1 1;1 1 1;1 1 1;1 1 1;1 0.982868909835815 0.982868909835815;1 0.965737879276276 0.965737879276276;1 0.948606789112091 0.948606789112091;1 0.931475758552551 0.931475758552551;1 0.914344668388367 0.914344668388367;1 0.897213637828827 0.897213637828827;1 0.880082547664642 0.880082547664642;1 0.862951517105103 0.862951517105103;1 0.845820426940918 0.845820426940918;1 0.828689396381378 0.828689396381378;1 0.811558306217194 0.811558306217194;1 0.794427275657654 0.794427275657654;1 0.777296185493469 0.777296185493469;1 0.760165095329285 0.760165095329285;1 0.743034064769745 0.743034064769745;1 0.72590297460556 0.72590297460556;1 0.708771944046021 0.708771944046021;1 0.691640853881836 0.691640853881836;1 0.674509823322296 0.674509823322296;1 0.657378733158112 0.657378733158112;1 0.640247702598572 0.640247702598572;1 0.623116612434387 0.623116612434387;1 0.605985581874847 0.605985581874847;1 0.588854491710663 0.588854491710663;1 0.571723461151123 0.571723461151123;1 0.554592370986938 0.554592370986938;1 0.537461280822754 0.537461280822754;1 0.520330250263214 0.520330250263214;1 0.50319916009903 0.50319916009903;1 0.48606812953949 0.48606812953949;1 0.468937069177628 0.468937069177628;1 0.451805979013443 0.451805979013443;1 0.434674918651581 0.434674918651581;1 0.417543858289719 0.417543858289719;1 0.400412797927856 0.400412797927856;1 0.383281737565994 0.383281737565994;1 0.366150677204132 0.366150677204132;1 0.34901961684227 0.34901961684227;1 0.334477126598358 0.334477126598358;1 0.319934636354446 0.319934636354446;1 0.305392175912857 0.305392175912857;1 0.290849685668945 0.290849685668945;1 0.276307195425034 0.276307195425034;1 0.261764705181122 0.261764705181122;1 0.247222229838371 0.247222229838371;1 0.23267973959446 0.23267973959446;1 0.218137264251709 0.218137264251709;1 0.203594774007797 0.203594774007797;1 0.189052298665047 0.189052298665047;1 0.174509808421135 0.174509808421135;1 0.159967318177223 0.159967318177223;1 0.145424842834473 0.145424842834473;1 0.130882352590561 0.130882352590561;1 0.11633986979723 0.11633986979723;1 0.101797387003899 0.101797387003899;1 0.0872549042105675 0.0872549042105675;1 0.0727124214172363 0.0727124214172363;1 0.0581699348986149 0.0581699348986149;1 0.0436274521052837 0.0436274521052837;1 0.0290849674493074 0.0290849674493074;1 0.0145424837246537 0.0145424837246537;1 0 0;1 0.015625 0;1 0.03125 0;1 0.046875 0;1 0.0625 0;1 0.078125 0;1 0.09375 0;1 0.109375 0;1 0.125 0;1 0.140625 0;1 0.15625 0;1 0.171875 0;1 0.1875 0;1 0.203125 0;1 0.21875 0;1 0.234375 0;1 0.25 0;1 0.265625 0;1 0.28125 0;1 0.296875 0;1 0.3125 0;1 0.328125 0;1 0.34375 0;1 0.359375 0;1 0.375 0;1 0.390625 0;1 0.40625 0;1 0.421875 0;1 0.4375 0;1 0.453125 0;1 0.46875 0;1 0.484375 0;1 0.5 0;1 0.515625 0;1 0.53125 0;1 0.546875 0;1 0.5625 0;1 0.578125 0;1 0.59375 0;1 0.609375 0;1 0.625 0;1 0.640625 0;1 0.65625 0;1 0.671875 0;1 0.6875 0;1 0.703125 0;1 0.71875 0;1 0.734375 0;1 0.75 0;1 0.765625 0;1 0.78125 0;1 0.796875 0;1 0.8125 0;1 0.828125 0;1 0.84375 0;1 0.859375 0;1 0.875 0;1 0.890625 0;1 0.90625 0;1 0.921875 0;1 0.9375 0;1 0.953125 0;1 0.96875 0;1 0.984375 0;1 1 0];
