function h = bw_r_colormap(varargin)
h = [0 0 0.5625;0 0 0.625;0 0 0.6875;0 0 0.75;0 0 0.8125;0 0 0.875;0 0 0.9375;0 0 1;0 0.0909090936183929 1;0 0.181818187236786 1;0 0.272727280855179 1;0 0.363636374473572 1;0 0.454545468091965 1;0 0.545454561710358 1;0 0.636363625526428 1;0 0.727272748947144 1;0 0.818181812763214 1;0 0.909090936183929 1;0 1 1;0.0714285746216774 1 0.928571403026581;0.142857149243355 1 0.857142865657806;0.214285716414452 1 0.785714268684387;0.28571429848671 1 0.714285731315613;0.357142865657806 1 0.642857134342194;0.428571432828903 1 0.571428596973419;0.5 1 0.5;0.571428596973419 1 0.428571432828903;0.642857134342194 1 0.357142865657806;0.714285731315613 1 0.28571429848671;0.785714268684387 1 0.214285716414452;0.857142865657806 1 0.142857149243355;0.928571403026581 1 0.0714285746216774;1 1 0;1 0.928571403026581 0;1 0.857142865657806 0;1 0.785714268684387 0;1 0.714285731315613 0;1 0.642857134342194 0;1 0.571428596973419 0;1 0.5 0;1 0.428571432828903 0;1 0.357142865657806 0;1 0.28571429848671 0;1 0.214285716414452 0;1 0.142857149243355 0;1 0.0714285746216774 0;1 0 0;0.970588207244873 0 0;0.941176474094391 0 0;0.911764681339264 0 0;0.882352948188782 0 0;0.852941155433655 0 0;0.823529422283173 0 0;0.794117629528046 0 0;0.764705896377563 0 0;0.735294103622437 0 0;0.705882370471954 0 0;0.676470577716827 0 0;0.647058844566345 0 0;0.617647051811218 0 0;0.588235318660736 0 0;0.558823525905609 0 0;0.529411792755127 0 0;0.5 0 0];
