function h = ppc_r_colormap(varargin)
h = [0 0 0.5625;0 0 0.671875;0 0 0.78125;0 0 0.890625;0 0 1;0 0.200000002980232 1;0 0.400000005960464 1;0 0.600000023841858 1;0 0.800000011920929 1;0 1 1;0.142857149243355 1 0.857142865657806;0.28571429848671 1 0.714285731315613;0.428571432828903 1 0.571428596973419;0.571428596973419 1 0.428571432828903;0.714285731315613 1 0.28571429848671;0.857142865657806 1 0.142857149243355;1 1 0;1 0.95652174949646 0;1 0.91304349899292 0;1 0.869565188884735 0;1 0.826086938381195 0;1 0.782608687877655 0;1 0.739130437374115 0;1 0.695652186870575 0;1 0.652173936367035 0;1 0.60869562625885 0;1 0.56521737575531 0;1 0.52173912525177 0;1 0.47826087474823 0;1 0.434782594442368 0;1 0.391304343938828 0;1 0.347826093435287 0;1 0.304347813129425 0;1 0.260869562625885 0;1 0.217391297221184 0;1 0.173913046717644 0;1 0.130434781312943 0;1 0.0869565233588219 0;1 0.0434782616794109 0;1 0 0;0.979166686534882 0 0;0.958333313465118 0 0;0.9375 0 0;0.916666686534882 0 0;0.895833313465118 0 0;0.875 0 0;0.854166686534882 0 0;0.833333313465118 0 0;0.8125 0 0;0.791666686534882 0 0;0.770833313465118 0 0;0.75 0 0;0.729166686534882 0 0;0.708333313465118 0 0;0.6875 0 0;0.666666686534882 0 0;0.645833313465118 0 0;0.625 0 0;0.604166686534882 0 0;0.583333313465118 0 0;0.5625 0 0;0.541666686534882 0 0;0.520833313465118 0 0;0.5 0 0];
